300000  314168.52
16000   14000
60  60
14  22
10000   10000
15000   15000
19000   19000
end
314168.52   1313544.62
79000   115000
60  60
18  24
10000   10000
15000   15000
20000   20000
end
1736766.27  1973580.64
90000   140000
70  70
22  22
20000   20000
18000   21000
25000   25000
end
1973580.64  3267959.7
145000  0
75  0
22  0
30000   30000
23000   23000
26000   26000
end
1816972.8   3037982.48
160000  160000
60  60
23  23
20000   20000
19000   19000
18000   18000
end
3037982.48  4848550.68
230000  230000
78  78
23  23
40000   40000
39000   39000
37000   37000
end
4848550.68  7640148.14
350000  0
75  0
24  0
50000   50000
43000   43000
47000   47000
end
1074367.92  1744220.88
88170   143170
70  75
23  22
18000   25000
20000   21000
20000   22000
end
1744220.88  2852639.87
143170  224170
75  75
22  22.5
25000   29000
21000   32000
22000   32000
end
1744220.88  2852639.87
143170  224170
75  75
22  22.5
25000   29000
21000   32000
22000   32000
end
2852639.87  4584028.79
224170  329170
75  77
22.5    23.5
29000   39000
32000   39000
32000   40000
end
4584028.79  7051872.54
329170  0
77  0
23.5    0
39000   39000
39000   39000
40000   40000
end
120000  733686.6
50000   50000
15  15
15.99   15.99
10000   10000
2000    2000
2000    2000
end
733686.6    975345.95
65000   80000
16  17
17.99   14.99
30000   60000
10000   35000
10000   35000
end
975345.95   1196558.28
80000   105000
17  18
14.99   17.99
60000   60000
35000   35000
35000   35000
end
1196558.28  1696067.33
105000  105000
18  18
17.99   17.99
60000   60000
35000   35000
35000   35000
end
1696067.33  2661384.17
140000  0
20  0
18.99   0
80000   80000
42000   42000
42000   42000
end
300000  459132.6
20000   20000
50  50
20  20
0   0
10000   0
end
459132.6    625999.04
20000   20000
50  50
20  20
0   10000
0   0
10000   0
end
625999.04   800975.19
20000   20000
50  50
20  20
10000   10000
0   0
0   0
end
800975.19   915380.2
20000   20000
20  50
20  30
0   0
10000   10000
0   0
end
915380.2    832710.28
20000   0
50  0
30  0
0   0
10000   10000
0   0
end
300000  332110.02
30000   30000
5   5
9   14
0   0
0   0
0   0
end
332110.02   485872.84
30000   30000
5   5
14  14
0   0
0   0
0   0
end
485872.84   640273.72
30000   30000
10  10
14  15
0   0
0   0
0   0
end
640273.72   795827.09
30000   30000
20  20
20  18
0   0
0   0
0   0
end
795827.09   1011244.42
30000   0
20  0
18  0
0   0
0   0
0   0
end
450864.12   642525.24
50000   50000
19  19
13  13
1   1
1   1
1   1
end
909723.78   449072.45
120000  0
5   0
29  0
1   1
1   1
1   1
end
1082334.84  1160641.5
95000   90000
18  18
13  14
15000   15000
10000   10000
5000    5000
end
1160641.5   1368649.18
90000   0
18  0
14  0
15000   15000
10000   10000
5000    5000
end
120000  142308.21
5000    15000
90  1
20  100
0   0
1000    1000
end