10 10000 7.82
19 10000 8.29
28 10000 8.67
37 10000 8.96
46 10000 9.21
55 10000 9.45
64 10000 9.77
73 10000 10.22
82 10000 10.9
10 25500 7.66
19 25500 8.13
28 25500 8.51
37 25500 8.8
46 25500 9.05
55 25500 9.29
64 25500 9.61
73 25500 10.06
82 25500 10.74
10 41000 7.57
19 41000 8.04
28 41000 8.42
37 41000 8.71
46 41000 8.96
55 41000 9.2
64 41000 9.52
73 41000 9.97
82 41000 10.65
10 56500 7.53
19 56500 8.0
28 56500 8.38
37 56500 8.67
46 56500 8.92
55 56500 9.16
64 56500 9.48
73 56500 9.93
82 56500 10.61
10 72000 7.53
19 72000 8.0
28 72000 8.38
37 72000 8.67
46 72000 8.92
55 72000 9.16
64 72000 9.48
73 72000 9.93
82 72000 10.61
10 87500 7.57
19 87500 8.04
28 87500 8.42
37 87500 8.71
46 87500 8.96
55 87500 9.2
64 87500 9.52
73 87500 9.97
82 87500 10.65
10 103000 7.64
19 103000 8.11
28 103000 8.49
37 103000 8.78
46 103000 9.03
55 103000 9.27
64 103000 9.59
73 103000 10.04
82 103000 10.72
10 118500 7.74
19 118500 8.21
28 118500 8.59
37 118500 8.88
46 118500 9.13
55 118500 9.37
64 118500 9.69
73 118500 10.14
82 118500 10.82
10 134000 7.86
19 134000 8.33
28 134000 8.71
37 134000 9.0
46 134000 9.25
55 134000 9.49
64 134000 9.81
73 134000 10.26
82 134000 10.94
10 149500 7.99
19 149500 8.46
28 149500 8.84
37 149500 9.13
46 149500 9.38
55 149500 9.62
64 149500 9.94
73 149500 10.39
82 149500 11.07
10 165000 8.13
19 165000 8.6
28 165000 8.98
37 165000 9.27
46 165000 9.52
55 165000 9.76
64 165000 10.08
73 165000 10.53
82 165000 11.21
10 180500 8.27
19 180500 8.74
28 180500 9.12
37 180500 9.41
46 180500 9.66
55 180500 9.9
64 180500 10.22
73 180500 10.67
82 180500 11.35
10 196000 8.42
19 196000 8.89
28 196000 9.27
37 196000 9.56
46 196000 9.81
55 196000 10.05
64 196000 10.37
73 196000 10.82
82 196000 11.5
10 211500 8.57
19 211500 9.04
28 211500 9.42
37 211500 9.71
46 211500 9.96
55 211500 10.2
64 211500 10.52
73 211500 10.97
82 211500 11.65
10 227000 8.72
19 227000 9.19
28 227000 9.57
37 227000 9.86
46 227000 10.11
55 227000 10.35
64 227000 10.67
73 227000 11.12
82 227000 11.8
10 242500 8.86
19 242500 9.33
28 242500 9.71
37 242500 10.0
46 242500 10.25
55 242500 10.49
64 242500 10.81
73 242500 11.26
82 242500 11.94
10 258000 8.99
19 258000 9.46
28 258000 9.84
37 258000 10.13
46 258000 10.38
55 258000 10.62
64 258000 10.94
73 258000 11.39
82 258000 12.07
10 273500 9.11
19 273500 9.58
28 273500 9.96
37 273500 10.25
46 273500 10.5
55 273500 10.74
64 273500 11.06
73 273500 11.51
82 273500 12.19
10 289000 9.23
19 289000 9.7
28 289000 10.08
37 289000 10.37
46 289000 10.62
55 289000 10.86
64 289000 11.18
73 289000 11.63
82 289000 12.31
10 304500 9.34
19 304500 9.81
28 304500 10.19
37 304500 10.48
46 304500 10.73
55 304500 10.97
64 304500 11.29
73 304500 11.74
82 304500 12.42
10 320000 9.43
19 320000 9.9
28 320000 10.28
37 320000 10.57
46 320000 10.82
55 320000 11.06
64 320000 11.38
73 320000 11.83
82 320000 12.51
10 335500 9.52
19 335500 9.99
28 335500 10.37
37 335500 10.66
46 335500 10.91
55 335500 11.15
64 335500 11.47
73 335500 11.92
82 335500 12.6
